123
5432
542
132
354
132
643
143
3546
133
123
5432
542
132
354
132
643
143
3546
133
123
5432
542
132
354
132
643
143
3546
133
123
5432
542
132
354
132
643
143
3546
133
123
5432
542
132
354
132
643
143
3546
133
123
5432
542
132
354
132
643
143
3546
133
123
5432
542
132
354
132
643
143
3546
133
123
5432
542
132
354
132
643
143
3546
133
123
5432
542
132
354
132
643
143
3546
133
123
5432
542
132
354
132
643
143
3546
133
123
5432
542
132
354
132
643
143
3546
133
123
5432
542
132
354
132
643
143
3546
133
123
5432
542
132
354
132
643
143
3546
133
123
5432
542
132
354
132
643
143
3546
133
123
5432
542
132
354
132
643
143
3546
133
123
5432
542
132
354
132
643
143
3546
133
